1.0
1.0
0.5834919344521753
1.0
0.4706326304790008
1.0
0.5952226373271725
1.0
0.6500925464301462
0.7238552449002377
0.7040644161419328
0.48634170874502125
0.9352243434642464
0.5385601215127387
0.6330286683259027
0.386844639919537
0.6621542912181744
0.41813376303595123
0.616359074226904
0.38708447158265225
0.5583394653464714
0.30239732416513415
0.5212565784050249
0.3158551833701941
0.4669503633829544
0.37097644849752975
0.4349048773951603
0.3008428232020177
0.43742913740816425
0.3383026016090582
0.4283973679939873
0.4312195956217695
0.39526514896128956
0.3228268127579011
0.4269514225730519
0.3908469777762468
0.41606165052386723
0.3037350370462064
0.4211489523115274
0.33893234672246464
0.41700623789833907
0.42545235187848085
0.3836070267110423
0.31580468614668816
0.4005663660064382
0.36946205322241166
0.39881465446818126
0.2918386769036871
0.39698128043492603
0.32273459415824796
0.37924240896112255
0.39029513238775115
0.3811154724544056
0.30087862255060077
0.3779463784758319
0.34114877069442784
0.3983748761094348
0.4058897423412363
0.38471352527972325
0.3065254784467918
0.3732541201354682
0.3355425861507389
0.3988012820442166
0.38063102063995663
0.388576959728495
0.29557893419299686
0.38025392116207885
0.3242259072569495
0.3750488116963192
0.3761220939085422
0.37937137020022016
0.4271531595020613
0.35809545995514896
0.3150305002546419
0.3547849331817866
0.3493175429286194
0.37120465068086156
0.3902732666289335
0.3597929424202925
0.2996167428550094
0.3368191594090761
0.33263063954209743
0.353098165176423
0.36139886616728145
0.36372682934260053
0.3804148548163088
0.36797000394023255
0.427868653690055
0.3626131953182243
0.3113155969300073
